600018 2890510
600018 2890482
600020 2892993
600026 2891354
600039 2892998
600039 2892996
600039 2892995
600039 2892997
600039 2893004
600039 2893003
600039 2892994
600039 2892999
600039 2893001
600048 2893426
600056 2891355
600058 2891202
600061 2892495
600069 2892496
600086 2893011
600094 2892497
600099 2891356
600100 2891757
600101 2891214
600116 2892674
600125 2891759
600129 2892498
600137 2890513
600137 2890515
600137 2890512
600137 2890511
600151 2891217
600155 2892718
600155 2892712
600155 2892713
600155 2892723
600155 2892724
600155 2892704
600155 2892703
600155 2892715
600155 2892711
600155 2892719
600155 2892716
600155 2892717
600155 2892720
600155 2892702
600155 2892721
600155 2892725
600155 2892722
600155 2892714
600155 2892709
600155 2892675
600155 2892695
600155 2892696
600157 2892726
600158 2893223
600158 2892566
600160 2892500
600160 2892499
600160 2892502
600160 2892501
600161 2893014
600161 2893012
600162 2892577
600167 2890601
600167 2890556
600176 2891218
600184 2891235
600184 2891236
600189 2890674
600189 2890604
600208 2892578
600211 2891760
600225 2891357
600225 2892729
600225 2892727
600225 2892730
600231 2890984
600231 2890987
600231 2890988
600231 2890985
600231 2890962
600231 2890983
600231 2890986
600231 2891033
600231 2891030
600232 2891031
600233 2893015
600239 2893227
600239 2893224
600239 2893226
600239 2893230
600239 2893229
600239 2893225
600259 2892511
600259 2892510
600259 2892515
600259 2892514
600259 2892513
600259 2892512
600265 2893234
600265 2893235
600266 2892579
600292 2891032
600303 2891761
600303 2891801
600303 2891803
600303 2891799
600306 2891806
600306 2891804
600316 2892761
600316 2892734
600316 2892736
600316 2892764
600316 2892744
600316 2892732
600316 2892742
600316 2892757
600319 2891810
600319 2891820
600319 2891823
600319 2891826
600319 2891828
600319 2891830
600319 2891832
600319 2891834
600319 2891836
600319 2891807
600359 2893017
600359 2893016
600359 2893020
600359 2893019
600362 2892580
600363 2891035
600365 2891036
600376 2891237
600381 2893021
600382 2891240
600382 2891239
600405 2892581
600423 2893040
600432 2891358
600444 2892181
600444 2892179
600444 2892583
600444 2892178
600462 2891034
600480 2892772
600480 2892785
600480 2892784
600480 2892787
600480 2892783
600480 2892770
600481 2892796
600491 2892582
600502 2892516
600509 2892621
600509 2892610
600509 2892611
600509 2892608
600509 2892607
600509 2892609
600509 2892612
600509 2892598
600509 2892606
600509 2892605
600509 2892584
600509 2892585
600513 2891048
600525 2892629
600525 2892627
600525 2892623
600525 2892625
600531 2892193
600539 2891081
600555 2892523
600558 2891363
600558 2891366
600558 2891368
600558 2891365
600558 2891359
600558 2891364
600558 2891381
600558 2891360
600558 2891362
600558 2891361
600570 2891082
600572 2892639
600572 2892638
600572 2892637
600576 2892524
600588 2892196
600588 2892195
600588 2892198
600597 2892798
600608 2892806
600613 2891241
600613 2891242
600642 2891084
600645 2892641
600645 2892640
600653 2892808
600653 2892809
600654 2892642
600654 2892831
600655 2891091
600664 2892526
600667 2892643
600677 2892833
600677 2892832
600681 2893236
600681 2893237
600686 2892835
600686 2892836
600692 2891092
600711 2892644
600734 2892527
600737 2892668
600737 2892837
600737 2892645
600737 2892667
600737 2892673
600737 2892672
600737 2892528
600737 2892669
600737 2892670
600740 2891093
600745 2892529
600749 2892838
600751 2891094
600759 2892903
600759 2892949
600759 2892947
600759 2892902
600759 2892958
600759 2892962
600759 2892948
600759 2892839
600760 2892267
600760 2892252
600760 2892240
600760 2892238
600760 2892266
600760 2892201
600760 2892268
600760 2892239
600760 2892199
600760 2892278
600760 2892276
600760 2892270
600760 2892272
600760 2892202
600760 2892274
600760 2892222
600760 2892219
600771 2891246
600774 2891096
600774 2891095
600783 2892279
600804 2892972
600804 2892976
600804 2892980
600804 2892979
600804 2892973
600815 2892530
600816 2891282
600819 2891097
600828 2891142
600828 2891109
600828 2891119
600828 2891131
600828 2891141
600828 2891098
600828 2891115
600828 2891117
600828 2891113
600830 2892531
600837 2893238
600837 2892981
600847 2892533
600848 2892983
600855 2891382
600867 2891143
600872 2891144
600886 2893239
600887 2891148
600891 2891152
600896 2892985
600909 2893300
600958 2892280
600969 2892986
600973 2892989
600979 2892535
600983 2891153
600990 2892281
600990 2892284
600990 2892283
600990 2892301
600990 2892299
600990 2892282
601000 2891383
601005 2891283
601005 2891284
601012 2891154
601020 2892305
601100 2893041
601116 2891384
601116 2893334
601116 2893333
601128 2893241
601128 2893240
601137 2891168
601137 2891162
601137 2891161
601155 2891385
601166 2893042
601177 2891169
601211 2893043
601211 2893056
601211 2893044
601216 2892537
601225 2891285
601226 2893057
601226 2893059
601311 2893244
601311 2893242
601311 2893243
601377 2892307
601377 2893245
601377 2892306
601390 2893060
601390 2893061
601390 2893064
601390 2893063
601390 2893062
601558 2892347
601599 2893067
601599 2893066
601608 2891191
601668 2891286
601677 2891387
601677 2891386
601688 2891407
601717 2891408
601727 2891301
601766 2893068
601877 2891192
601880 2891193
601882 2892349
601886 2892350
601901 2893246
601933 2892539
601991 2893292
601991 2893299
601991 2893290
601991 2893297
601991 2893296
601991 2893295
601991 2893301
601991 2893252
601991 2893293
601991 2893298
601991 2893250
601991 2893251
601991 2893294
601992 2893069
601992 2893071
603000 2893092
603000 2893093
603000 2893107
603000 2893108
603000 2893095
603000 2893110
603000 2893091
603000 2893090
603000 2893089
603025 2892356
603025 2892409
603025 2892415
603025 2892414
603025 2892361
603025 2892413
603025 2892355
603025 2892416
603025 2892359
603025 2892354
603025 2892417
603025 2892412
603025 2892410
603025 2892358
603025 2892357
603031 2891194
603036 2893302
603060 2893076
603060 2893073
603098 2893303
603100 2893094
603100 2893077
603118 2893113
603118 2893112
603118 2893111
603169 2892540
603169 2892541
603169 2892552
603169 2892553
603169 2892560
603169 2892558
603169 2892556
603199 2893114
603203 2893253
603203 2893248
603203 2893247
603223 2891195
603239 2893337
603239 2893338
603239 2893339
603239 2893336
603319 2893305
603319 2893304
603323 2893386
603355 2893115
603416 2893340
603416 2893341
603416 2893343
603555 2891197
603555 2891198
603555 2891199
603555 2891196
603556 2893128
603556 2893125
603556 2893124
603556 2893123
603556 2893122
603556 2893116
603556 2893121
603558 2893134
603598 2893142
603598 2893140
603598 2893135
603598 2893139
603598 2893138
603598 2893137
603598 2893143
603686 2893149
603701 2892418
603708 2893348
603708 2893345
603708 2893346
603708 2893347
603729 2891410
603729 2891409
603737 2893150
603778 2893151
603779 2891200
603800 2891201
603816 2893183
603816 2893177
603816 2893181
603816 2893176
603816 2893182
603816 2893180
603816 2893153
603816 2893175
603816 2893189
603816 2893152
603823 2893349
603823 2893350
603823 2893351
603823 2893352
603828 2893190
603858 2893193
603900 2893194
603968 2891317
603977 2893222
603979 2891318
603990 2893306
000005 2890765
000005 2890766
000008 2892773
000008 2892774
000012 2892792
000012 2892802
000012 2892794
000012 2892799
000016 2891516
000016 2891176
000016 2891175
000016 2891177
000020 2890666
000027 2892119
000034 2892909
000034 2892907
000034 2892911
000038 2891871
000042 2892906
000061 2893072
000070 2892285
000155 2892791
000159 2892840
000407 2891314
000407 2891315
000407 2891310
000407 2891312
000407 2891313
000415 2893144
000415 2893145
000415 2893146
000425 2891602
000504 2893407
000504 2893409
000504 2893401
000504 2893403
000504 2893405
000504 2893411
000511 2891888
000517 2892316
000518 2891603
000526 2892765
000526 2892766
000526 2892768
000526 2892767
000526 2892753
000526 2892751
000526 2892769
000526 2892752
000526 2892754
